{
 "cells": [
  {
   "cell_type": "markdown",
   "metadata": {},
   "source": [
    "### Iris Dataset_Classification Using Logistic Regression"
   ]
  },
  {
   "cell_type": "code",
   "execution_count": 2,
   "metadata": {},
   "outputs": [],
   "source": [
    "#Importing importing library for this project\n",
    "import pandas as pd\n",
    "import numpy as np\n",
    "import matplotlib.pyplot as plt\n",
    "import seaborn as sns"
   ]
  },
  {
   "cell_type": "code",
   "execution_count": 3,
   "metadata": {},
   "outputs": [],
   "source": [
    "#Reading data from local machine\n",
    "path=open('C:\\\\Users\\\\UMA KANT\\\\Desktop\\\\Machine Learning By IBM\\\\week2-Classification\\\\Iris.csv')"
   ]
  },
  {
   "cell_type": "code",
   "execution_count": 4,
   "metadata": {},
   "outputs": [],
   "source": [
    "#Loading data into data frame\n",
    "df=pd.read_csv(path)"
   ]
  },
  {
   "cell_type": "code",
   "execution_count": 5,
   "metadata": {},
   "outputs": [
    {
     "data": {
      "text/html": [
       "<div>\n",
       "<style scoped>\n",
       "    .dataframe tbody tr th:only-of-type {\n",
       "        vertical-align: middle;\n",
       "    }\n",
       "\n",
       "    .dataframe tbody tr th {\n",
       "        vertical-align: top;\n",
       "    }\n",
       "\n",
       "    .dataframe thead th {\n",
       "        text-align: right;\n",
       "    }\n",
       "</style>\n",
       "<table border=\"1\" class=\"dataframe\">\n",
       "  <thead>\n",
       "    <tr style=\"text-align: right;\">\n",
       "      <th></th>\n",
       "      <th>Id</th>\n",
       "      <th>SepalLengthCm</th>\n",
       "      <th>SepalWidthCm</th>\n",
       "      <th>PetalLengthCm</th>\n",
       "      <th>PetalWidthCm</th>\n",
       "      <th>Species</th>\n",
       "    </tr>\n",
       "  </thead>\n",
       "  <tbody>\n",
       "    <tr>\n",
       "      <th>0</th>\n",
       "      <td>1</td>\n",
       "      <td>5.1</td>\n",
       "      <td>3.5</td>\n",
       "      <td>1.4</td>\n",
       "      <td>0.2</td>\n",
       "      <td>Iris-setosa</td>\n",
       "    </tr>\n",
       "    <tr>\n",
       "      <th>1</th>\n",
       "      <td>2</td>\n",
       "      <td>4.9</td>\n",
       "      <td>3.0</td>\n",
       "      <td>1.4</td>\n",
       "      <td>0.2</td>\n",
       "      <td>Iris-setosa</td>\n",
       "    </tr>\n",
       "    <tr>\n",
       "      <th>2</th>\n",
       "      <td>3</td>\n",
       "      <td>4.7</td>\n",
       "      <td>3.2</td>\n",
       "      <td>1.3</td>\n",
       "      <td>0.2</td>\n",
       "      <td>Iris-setosa</td>\n",
       "    </tr>\n",
       "    <tr>\n",
       "      <th>3</th>\n",
       "      <td>4</td>\n",
       "      <td>4.6</td>\n",
       "      <td>3.1</td>\n",
       "      <td>1.5</td>\n",
       "      <td>0.2</td>\n",
       "      <td>Iris-setosa</td>\n",
       "    </tr>\n",
       "    <tr>\n",
       "      <th>4</th>\n",
       "      <td>5</td>\n",
       "      <td>5.0</td>\n",
       "      <td>3.6</td>\n",
       "      <td>1.4</td>\n",
       "      <td>0.2</td>\n",
       "      <td>Iris-setosa</td>\n",
       "    </tr>\n",
       "  </tbody>\n",
       "</table>\n",
       "</div>"
      ],
      "text/plain": [
       "   Id  SepalLengthCm  SepalWidthCm  PetalLengthCm  PetalWidthCm      Species\n",
       "0   1            5.1           3.5            1.4           0.2  Iris-setosa\n",
       "1   2            4.9           3.0            1.4           0.2  Iris-setosa\n",
       "2   3            4.7           3.2            1.3           0.2  Iris-setosa\n",
       "3   4            4.6           3.1            1.5           0.2  Iris-setosa\n",
       "4   5            5.0           3.6            1.4           0.2  Iris-setosa"
      ]
     },
     "execution_count": 5,
     "metadata": {},
     "output_type": "execute_result"
    }
   ],
   "source": [
    "#Data description\n",
    "df.head()"
   ]
  },
  {
   "cell_type": "code",
   "execution_count": 6,
   "metadata": {},
   "outputs": [
    {
     "data": {
      "text/plain": [
       "(150, 6)"
      ]
     },
     "execution_count": 6,
     "metadata": {},
     "output_type": "execute_result"
    }
   ],
   "source": [
    "#We are getting the shape of our dataset\n",
    "df.shape"
   ]
  },
  {
   "cell_type": "code",
   "execution_count": 7,
   "metadata": {},
   "outputs": [
    {
     "data": {
      "text/plain": [
       "Id               0\n",
       "SepalLengthCm    0\n",
       "SepalWidthCm     0\n",
       "PetalLengthCm    0\n",
       "PetalWidthCm     0\n",
       "Species          0\n",
       "dtype: int64"
      ]
     },
     "execution_count": 7,
     "metadata": {},
     "output_type": "execute_result"
    }
   ],
   "source": [
    "#Cheking the Null values in df\n",
    "df.isnull().sum()"
   ]
  },
  {
   "cell_type": "code",
   "execution_count": 14,
   "metadata": {},
   "outputs": [],
   "source": [
    "X=df.iloc[:,:5]"
   ]
  },
  {
   "cell_type": "code",
   "execution_count": 16,
   "metadata": {},
   "outputs": [],
   "source": [
    "y=df['Species']"
   ]
  },
  {
   "cell_type": "code",
   "execution_count": 17,
   "metadata": {},
   "outputs": [
    {
     "data": {
      "text/plain": [
       "0         Iris-setosa\n",
       "1         Iris-setosa\n",
       "2         Iris-setosa\n",
       "3         Iris-setosa\n",
       "4         Iris-setosa\n",
       "            ...      \n",
       "145    Iris-virginica\n",
       "146    Iris-virginica\n",
       "147    Iris-virginica\n",
       "148    Iris-virginica\n",
       "149    Iris-virginica\n",
       "Name: Species, Length: 150, dtype: object"
      ]
     },
     "execution_count": 17,
     "metadata": {},
     "output_type": "execute_result"
    }
   ],
   "source": [
    "y"
   ]
  },
  {
   "cell_type": "code",
   "execution_count": 12,
   "metadata": {},
   "outputs": [],
   "source": [
    "from sklearn.linear_model import LogisticRegression\n",
    "from sklearn.model_selection  import train_test_split\n",
    "from sklearn import metrics"
   ]
  },
  {
   "cell_type": "code",
   "execution_count": 13,
   "metadata": {},
   "outputs": [],
   "source": [
    "LR=LogisticRegression()"
   ]
  },
  {
   "cell_type": "code",
   "execution_count": 34,
   "metadata": {},
   "outputs": [],
   "source": [
    "X_train,X_test,y_train,y_test=train_test_split(X,y, test_size=0.3)"
   ]
  },
  {
   "cell_type": "code",
   "execution_count": 35,
   "metadata": {},
   "outputs": [
    {
     "data": {
      "text/plain": [
       "(105, 5)"
      ]
     },
     "execution_count": 35,
     "metadata": {},
     "output_type": "execute_result"
    }
   ],
   "source": [
    "X_train.shape"
   ]
  },
  {
   "cell_type": "code",
   "execution_count": 36,
   "metadata": {},
   "outputs": [
    {
     "data": {
      "text/plain": [
       "(45, 5)"
      ]
     },
     "execution_count": 36,
     "metadata": {},
     "output_type": "execute_result"
    }
   ],
   "source": [
    "X_test.shape"
   ]
  },
  {
   "cell_type": "code",
   "execution_count": 37,
   "metadata": {},
   "outputs": [
    {
     "name": "stderr",
     "output_type": "stream",
     "text": [
      "C:\\Users\\UMA KANT\\anaconda3\\lib\\site-packages\\sklearn\\linear_model\\_logistic.py:940: ConvergenceWarning: lbfgs failed to converge (status=1):\n",
      "STOP: TOTAL NO. of ITERATIONS REACHED LIMIT.\n",
      "\n",
      "Increase the number of iterations (max_iter) or scale the data as shown in:\n",
      "    https://scikit-learn.org/stable/modules/preprocessing.html\n",
      "Please also refer to the documentation for alternative solver options:\n",
      "    https://scikit-learn.org/stable/modules/linear_model.html#logistic-regression\n",
      "  extra_warning_msg=_LOGISTIC_SOLVER_CONVERGENCE_MSG)\n"
     ]
    },
    {
     "data": {
      "text/plain": [
       "LogisticRegression(C=1.0, class_weight=None, dual=False, fit_intercept=True,\n",
       "                   intercept_scaling=1, l1_ratio=None, max_iter=100,\n",
       "                   multi_class='auto', n_jobs=None, penalty='l2',\n",
       "                   random_state=None, solver='lbfgs', tol=0.0001, verbose=0,\n",
       "                   warm_start=False)"
      ]
     },
     "execution_count": 37,
     "metadata": {},
     "output_type": "execute_result"
    }
   ],
   "source": [
    "#Lets fit the model\n",
    "LR.fit(X_train,y_train)"
   ]
  },
  {
   "cell_type": "code",
   "execution_count": 38,
   "metadata": {},
   "outputs": [],
   "source": [
    "#prediction\n",
    "y_predicted=LR.predict(X_test)"
   ]
  },
  {
   "cell_type": "code",
   "execution_count": 39,
   "metadata": {},
   "outputs": [
    {
     "data": {
      "text/plain": [
       "1.0"
      ]
     },
     "execution_count": 39,
     "metadata": {},
     "output_type": "execute_result"
    }
   ],
   "source": [
    "#lets chek model accuracy\n",
    "LR.score(X_test,y_test)"
   ]
  },
  {
   "cell_type": "code",
   "execution_count": 40,
   "metadata": {},
   "outputs": [
    {
     "data": {
      "text/plain": [
       "array([[9.97452490e-01, 2.54750936e-03, 2.56391445e-10],\n",
       "       [9.98063040e-01, 1.93695985e-03, 1.25673913e-12],\n",
       "       [9.79370652e-01, 2.06293484e-02, 5.24158487e-12],\n",
       "       [2.22856515e-02, 9.73719016e-01, 3.99533268e-03],\n",
       "       [3.18727969e-10, 1.03151898e-05, 9.99989684e-01],\n",
       "       [5.77276556e-02, 9.42225845e-01, 4.64994350e-05],\n",
       "       [2.42858000e-05, 3.73705072e-02, 9.62605207e-01],\n",
       "       [9.79769239e-01, 2.02307610e-02, 2.99773893e-10],\n",
       "       [1.49422129e-02, 9.85035410e-01, 2.23768882e-05],\n",
       "       [9.90067933e-01, 9.93206724e-03, 2.74837136e-12],\n",
       "       [1.90411866e-02, 9.78558298e-01, 2.40051574e-03],\n",
       "       [8.02190154e-07, 8.21991417e-03, 9.91779284e-01],\n",
       "       [1.05500303e-05, 9.44600633e-02, 9.05529387e-01],\n",
       "       [7.41074460e-01, 2.58925491e-01, 4.89806440e-08],\n",
       "       [2.17687573e-06, 3.22389484e-02, 9.67758875e-01],\n",
       "       [1.96634280e-07, 2.53506387e-03, 9.97464739e-01],\n",
       "       [9.80897303e-01, 1.91026965e-02, 4.38174452e-10],\n",
       "       [4.86473413e-05, 1.56513844e-01, 8.43437508e-01],\n",
       "       [9.90564126e-01, 9.43587439e-03, 3.84306342e-11],\n",
       "       [4.12269202e-10, 2.49430233e-05, 9.99975057e-01],\n",
       "       [4.24472607e-03, 9.95024785e-01, 7.30488541e-04],\n",
       "       [9.94990059e-01, 5.00994100e-03, 3.63642796e-11],\n",
       "       [4.57049183e-07, 3.08415744e-03, 9.96915386e-01],\n",
       "       [7.18604449e-09, 1.32727910e-04, 9.99867265e-01],\n",
       "       [1.79183093e-02, 9.79365335e-01, 2.71635564e-03],\n",
       "       [4.81802356e-03, 9.91461184e-01, 3.72079272e-03],\n",
       "       [8.32789883e-03, 9.87411314e-01, 4.26078746e-03],\n",
       "       [9.94298392e-01, 5.70160762e-03, 3.70370610e-13],\n",
       "       [2.88937547e-03, 9.37681846e-01, 5.94287784e-02],\n",
       "       [9.97835233e-01, 2.16476749e-03, 3.86440211e-13],\n",
       "       [5.35866831e-02, 9.46102463e-01, 3.10853467e-04],\n",
       "       [2.81277075e-09, 6.34142871e-05, 9.99936583e-01],\n",
       "       [8.50208066e-03, 9.82853141e-01, 8.64477843e-03],\n",
       "       [1.90205613e-08, 1.94035103e-03, 9.98059630e-01],\n",
       "       [9.98265400e-01, 1.73460018e-03, 1.27898577e-13],\n",
       "       [9.52403791e-01, 4.75962082e-02, 1.07385992e-09],\n",
       "       [5.88850816e-06, 2.29156935e-02, 9.77078418e-01],\n",
       "       [7.78427536e-04, 9.72750638e-01, 2.64709349e-02],\n",
       "       [2.82840950e-06, 2.13605985e-02, 9.78636573e-01],\n",
       "       [9.09846390e-01, 9.01535989e-02, 1.14251006e-08],\n",
       "       [1.89573921e-10, 6.89593074e-06, 9.99993104e-01],\n",
       "       [4.03155239e-08, 1.13911504e-03, 9.98860845e-01],\n",
       "       [9.85521115e-01, 1.44788847e-02, 8.67607164e-12],\n",
       "       [3.10324271e-08, 1.01952028e-03, 9.98980449e-01],\n",
       "       [7.82592330e-10, 2.29122792e-05, 9.99977087e-01]])"
      ]
     },
     "execution_count": 40,
     "metadata": {},
     "output_type": "execute_result"
    }
   ],
   "source": [
    "#probability prediction\n",
    "predict_proba=LR.predict_proba(X_test)\n",
    "predict_proba"
   ]
  }
 ],
 "metadata": {
  "kernelspec": {
   "display_name": "Python 3",
   "language": "python",
   "name": "python3"
  },
  "language_info": {
   "codemirror_mode": {
    "name": "ipython",
    "version": 3
   },
   "file_extension": ".py",
   "mimetype": "text/x-python",
   "name": "python",
   "nbconvert_exporter": "python",
   "pygments_lexer": "ipython3",
   "version": "3.7.6"
  }
 },
 "nbformat": 4,
 "nbformat_minor": 4
}
